a0_to_a1,a0_to_a2,a0_to_a3,a1_to_a0,a1_to_a2,a1_to_a3,a2_to_a0,a2_to_a1,a2_to_a3,a3_to_a0,a3_to_a1,a3_to_a2,episode,step
B,B,B,A,A,A,B,B,B,B,B,B,1,0
A,A,A,A,A,A,B,B,B,A,A,A,1,1
B,B,B,A,A,A,B,B,B,B,B,B,1,2
A,A,A,A,A,A,B,B,B,A,A,A,1,3
B,B,B,A,A,A,B,B,B,A,A,A,1,4
C,C,C,A,A,A,B,B,B,B,B,B,1,5
B,B,B,A,A,A,B,B,B,A,A,A,1,6
A,A,A,B,B,B,B,B,B,A,A,A,1,7
B,B,B,A,A,A,B,B,B,A,A,A,1,8
A,A,A,A,A,A,B,B,B,A,A,A,1,9
A,A,A,A,A,A,B,B,B,A,A,A,1,10
B,B,B,A,A,A,B,B,B,A,A,A,1,11
A,A,A,A,A,A,B,B,B,B,B,B,1,12
B,B,B,A,A,A,B,B,B,A,A,A,1,13
A,A,A,A,A,A,B,B,B,A,A,A,1,14
C,C,C,A,A,A,B,B,B,A,A,A,1,15
B,B,B,B,B,B,B,B,B,A,A,A,1,16
A,A,A,A,A,A,B,B,B,A,A,A,1,17
C,C,C,A,A,A,B,B,B,A,A,A,1,18
A,A,A,A,A,A,B,B,B,A,A,A,1,19
A,A,A,A,A,A,B,B,B,A,A,A,1,20
A,A,A,A,A,A,B,B,B,C,C,C,1,21
C,C,C,A,A,A,B,B,B,A,A,A,1,22
A,A,A,A,A,A,B,B,B,C,C,C,1,23
A,A,A,A,A,A,B,B,B,A,A,A,1,24
C,C,C,C,C,C,B,B,B,C,C,C,1,25
A,A,A,A,A,A,B,B,B,C,C,C,1,26
A,A,A,A,A,A,B,B,B,A,A,A,1,27
A,A,A,A,A,A,B,B,B,A,A,A,1,28
A,A,A,A,A,A,B,B,B,A,A,A,1,29
A,A,A,A,A,A,B,B,B,A,A,A,1,30
A,A,A,A,A,A,B,B,B,A,A,A,1,31
A,A,A,A,A,A,B,B,B,A,A,A,1,32
A,A,A,A,A,A,B,B,B,A,A,A,1,33
A,A,A,A,A,A,B,B,B,C,C,C,1,34
A,A,A,A,A,A,B,B,B,C,C,C,1,35
A,A,A,A,A,A,B,B,B,A,A,A,1,36
A,A,A,A,A,A,B,B,B,A,A,A,1,37
A,A,A,A,A,A,B,B,B,A,A,A,1,38
A,A,A,A,A,A,B,B,B,A,A,A,1,39
A,A,A,A,A,A,B,B,B,C,C,C,1,40
A,A,A,A,A,A,B,B,B,C,C,C,1,41
A,A,A,A,A,A,B,B,B,C,C,C,1,42
A,A,A,A,A,A,B,B,B,A,A,A,1,43
A,A,A,A,A,A,B,B,B,A,A,A,1,44
A,A,A,A,A,A,B,B,B,A,A,A,1,45
A,A,A,A,A,A,B,B,B,A,A,A,1,46
A,A,A,A,A,A,B,B,B,A,A,A,1,47
A,A,A,A,A,A,B,B,B,A,A,A,1,48
_,_,_,_,_,_,_,_,_,_,_,_,2,0
B,B,B,A,A,A,B,B,B,B,B,B,2,1
A,A,A,A,A,A,B,B,B,A,A,A,2,2
C,C,C,A,A,A,B,B,B,A,A,A,2,3
A,A,A,A,A,A,B,B,B,B,B,B,2,4
A,A,A,A,A,A,B,B,B,A,A,A,2,5
A,A,A,A,A,A,B,B,B,A,A,A,2,6
A,A,A,A,A,A,B,B,B,A,A,A,2,7
A,A,A,A,A,A,B,B,B,A,A,A,2,8
A,A,A,A,A,A,B,B,B,A,A,A,2,9
A,A,A,A,A,A,B,B,B,A,A,A,2,10
A,A,A,A,A,A,B,B,B,A,A,A,2,11
A,A,A,A,A,A,B,B,B,A,A,A,2,12
A,A,A,A,A,A,B,B,B,A,A,A,2,13
A,A,A,A,A,A,B,B,B,A,A,A,2,14
A,A,A,A,A,A,B,B,B,A,A,A,2,15
A,A,A,A,A,A,B,B,B,A,A,A,2,16
A,A,A,A,A,A,B,B,B,A,A,A,2,17
A,A,A,C,C,C,B,B,B,A,A,A,2,18
A,A,A,A,A,A,B,B,B,C,C,C,2,19
A,A,A,A,A,A,B,B,B,A,A,A,2,20
A,A,A,A,A,A,B,B,B,A,A,A,2,21
A,A,A,A,A,A,B,B,B,A,A,A,2,22
A,A,A,A,A,A,B,B,B,A,A,A,2,23
A,A,A,A,A,A,B,B,B,A,A,A,2,24
A,A,A,A,A,A,B,B,B,A,A,A,2,25
A,A,A,A,A,A,B,B,B,A,A,A,2,26
A,A,A,A,A,A,B,B,B,A,A,A,2,27
A,A,A,A,A,A,B,B,B,B,B,B,2,28
A,A,A,A,A,A,B,B,B,A,A,A,2,29
A,A,A,A,A,A,B,B,B,A,A,A,2,30
A,A,A,C,C,C,B,B,B,A,A,A,2,31
A,A,A,A,A,A,B,B,B,A,A,A,2,32
A,A,A,A,A,A,B,B,B,A,A,A,2,33
A,A,A,A,A,A,B,B,B,A,A,A,2,34
A,A,A,A,A,A,B,B,B,A,A,A,2,35
A,A,A,A,A,A,B,B,B,A,A,A,2,36
A,A,A,A,A,A,B,B,B,A,A,A,2,37
A,A,A,A,A,A,B,B,B,A,A,A,2,38
A,A,A,A,A,A,B,B,B,A,A,A,2,39
A,A,A,A,A,A,B,B,B,A,A,A,2,40
A,A,A,A,A,A,B,B,B,A,A,A,2,41
A,A,A,A,A,A,B,B,B,A,A,A,2,42
A,A,A,A,A,A,B,B,B,A,A,A,2,43
A,A,A,A,A,A,B,B,B,A,A,A,2,44
A,A,A,A,A,A,B,B,B,A,A,A,2,45
A,A,A,A,A,A,B,B,B,A,A,A,2,46
A,A,A,A,A,A,B,B,B,A,A,A,2,47
A,A,A,A,A,A,B,B,B,A,A,A,2,48
A,A,A,A,A,A,B,B,B,A,A,A,2,49
_,_,_,_,_,_,_,_,_,_,_,_,3,0
B,B,B,A,A,A,B,B,B,B,B,B,3,1
A,A,A,A,A,A,B,B,B,A,A,A,3,2
B,B,B,A,A,A,B,B,B,B,B,B,3,3
A,A,A,A,A,A,B,B,B,A,A,A,3,4
A,A,A,A,A,A,B,B,B,B,B,B,3,5
B,B,B,A,A,A,B,B,B,B,B,B,3,6
A,A,A,A,A,A,B,B,B,B,B,B,3,7
A,A,A,A,A,A,B,B,B,A,A,A,3,8
A,A,A,A,A,A,B,B,B,A,A,A,3,9
B,B,B,A,A,A,B,B,B,A,A,A,3,10
A,A,A,A,A,A,B,B,B,A,A,A,3,11
B,B,B,A,A,A,B,B,B,A,A,A,3,12
A,A,A,A,A,A,B,B,B,A,A,A,3,13
A,A,A,A,A,A,B,B,B,A,A,A,3,14
A,A,A,A,A,A,B,B,B,A,A,A,3,15
A,A,A,A,A,A,B,B,B,A,A,A,3,16
A,A,A,A,A,A,B,B,B,A,A,A,3,17
A,A,A,A,A,A,B,B,B,A,A,A,3,18
A,A,A,A,A,A,B,B,B,A,A,A,3,19
A,A,A,A,A,A,B,B,B,A,A,A,3,20
C,C,C,C,C,C,B,B,B,A,A,A,3,21
C,C,C,A,A,A,B,B,B,A,A,A,3,22
C,C,C,A,A,A,B,B,B,A,A,A,3,23
C,C,C,A,A,A,B,B,B,A,A,A,3,24
C,C,C,A,A,A,B,B,B,A,A,A,3,25
A,A,A,A,A,A,B,B,B,A,A,A,3,26
C,C,C,A,A,A,B,B,B,A,A,A,3,27
C,C,C,A,A,A,B,B,B,A,A,A,3,28
C,C,C,A,A,A,B,B,B,A,A,A,3,29
C,C,C,A,A,A,B,B,B,A,A,A,3,30
A,A,A,A,A,A,B,B,B,A,A,A,3,31
A,A,A,A,A,A,B,B,B,A,A,A,3,32
A,A,A,A,A,A,B,B,B,A,A,A,3,33
A,A,A,A,A,A,B,B,B,C,C,C,3,34
A,A,A,A,A,A,B,B,B,A,A,A,3,35
A,A,A,A,A,A,B,B,B,A,A,A,3,36
A,A,A,A,A,A,B,B,B,C,C,C,3,37
A,A,A,A,A,A,B,B,B,A,A,A,3,38
A,A,A,C,C,C,B,B,B,A,A,A,3,39
A,A,A,C,C,C,B,B,B,A,A,A,3,40
A,A,A,A,A,A,B,B,B,A,A,A,3,41
A,A,A,A,A,A,B,B,B,A,A,A,3,42
A,A,A,A,A,A,B,B,B,A,A,A,3,43
A,A,A,A,A,A,B,B,B,A,A,A,3,44
A,A,A,A,A,A,B,B,B,A,A,A,3,45
A,A,A,A,A,A,B,B,B,A,A,A,3,46
A,A,A,A,A,A,B,B,B,A,A,A,3,47
A,A,A,A,A,A,B,B,B,A,A,A,3,48
A,A,A,A,A,A,B,B,B,A,A,A,3,49
_,_,_,_,_,_,_,_,_,_,_,_,4,0
B,B,B,A,A,A,B,B,B,B,B,B,4,1
A,A,A,A,A,A,B,B,B,B,B,B,4,2
B,B,B,A,A,A,B,B,B,B,B,B,4,3
A,A,A,A,A,A,B,B,B,B,B,B,4,4
B,B,B,A,A,A,B,B,B,B,B,B,4,5
A,A,A,A,A,A,B,B,B,B,B,B,4,6
B,B,B,A,A,A,B,B,B,A,A,A,4,7
A,A,A,A,A,A,B,B,B,A,A,A,4,8
A,A,A,A,A,A,B,B,B,C,C,C,4,9
A,A,A,A,A,A,B,B,B,B,B,B,4,10
A,A,A,A,A,A,B,B,B,A,A,A,4,11
A,A,A,A,A,A,B,B,B,A,A,A,4,12
A,A,A,A,A,A,B,B,B,C,C,C,4,13
A,A,A,A,A,A,B,B,B,A,A,A,4,14
B,B,B,A,A,A,B,B,B,A,A,A,4,15
A,A,A,A,A,A,B,B,B,C,C,C,4,16
A,A,A,A,A,A,B,B,B,A,A,A,4,17
A,A,A,A,A,A,B,B,B,C,C,C,4,18
A,A,A,A,A,A,B,B,B,A,A,A,4,19
A,A,A,A,A,A,B,B,B,A,A,A,4,20
A,A,A,A,A,A,B,B,B,A,A,A,4,21
A,A,A,A,A,A,B,B,B,C,C,C,4,22
C,C,C,A,A,A,B,B,B,A,A,A,4,23
C,C,C,A,A,A,B,B,B,A,A,A,4,24
C,C,C,A,A,A,B,B,B,A,A,A,4,25
C,C,C,A,A,A,B,B,B,A,A,A,4,26
A,A,A,A,A,A,B,B,B,A,A,A,4,27
A,A,A,A,A,A,B,B,B,A,A,A,4,28
A,A,A,A,A,A,B,B,B,A,A,A,4,29
A,A,A,A,A,A,B,B,B,A,A,A,4,30
A,A,A,A,A,A,B,B,B,A,A,A,4,31
A,A,A,A,A,A,B,B,B,A,A,A,4,32
A,A,A,A,A,A,B,B,B,A,A,A,4,33
A,A,A,A,A,A,B,B,B,A,A,A,4,34
A,A,A,A,A,A,B,B,B,A,A,A,4,35
A,A,A,A,A,A,B,B,B,A,A,A,4,36
A,A,A,A,A,A,B,B,B,A,A,A,4,37
A,A,A,A,A,A,B,B,B,A,A,A,4,38
A,A,A,A,A,A,B,B,B,A,A,A,4,39
A,A,A,A,A,A,B,B,B,A,A,A,4,40
A,A,A,A,A,A,B,B,B,A,A,A,4,41
A,A,A,A,A,A,B,B,B,A,A,A,4,42
A,A,A,A,A,A,B,B,B,A,A,A,4,43
A,A,A,A,A,A,B,B,B,A,A,A,4,44
A,A,A,A,A,A,B,B,B,A,A,A,4,45
A,A,A,A,A,A,B,B,B,A,A,A,4,46
A,A,A,A,A,A,B,B,B,A,A,A,4,47
A,A,A,A,A,A,B,B,B,A,A,A,4,48
A,A,A,A,A,A,B,B,B,A,A,A,4,49
_,_,_,_,_,_,_,_,_,_,_,_,5,0
B,B,B,A,A,A,B,B,B,B,B,B,5,1
A,A,A,A,A,A,B,B,B,A,A,A,5,2
A,A,A,A,A,A,B,B,B,C,C,C,5,3
A,A,A,A,A,A,B,B,B,A,A,A,5,4
A,A,A,A,A,A,B,B,B,C,C,C,5,5
A,A,A,A,A,A,B,B,B,A,A,A,5,6
A,A,A,A,A,A,B,B,B,A,A,A,5,7
A,A,A,A,A,A,B,B,B,A,A,A,5,8
A,A,A,A,A,A,B,B,B,A,A,A,5,9
A,A,A,A,A,A,B,B,B,A,A,A,5,10
A,A,A,A,A,A,B,B,B,A,A,A,5,11
A,A,A,A,A,A,B,B,B,A,A,A,5,12
A,A,A,A,A,A,B,B,B,A,A,A,5,13
A,A,A,A,A,A,B,B,B,A,A,A,5,14
A,A,A,A,A,A,B,B,B,A,A,A,5,15
A,A,A,A,A,A,B,B,B,A,A,A,5,16
A,A,A,A,A,A,B,B,B,A,A,A,5,17
A,A,A,A,A,A,B,B,B,A,A,A,5,18
A,A,A,A,A,A,B,B,B,A,A,A,5,19
A,A,A,A,A,A,B,B,B,A,A,A,5,20
A,A,A,A,A,A,B,B,B,A,A,A,5,21
A,A,A,A,A,A,B,B,B,A,A,A,5,22
A,A,A,A,A,A,B,B,B,A,A,A,5,23
A,A,A,A,A,A,B,B,B,A,A,A,5,24
A,A,A,A,A,A,B,B,B,A,A,A,5,25
A,A,A,A,A,A,B,B,B,A,A,A,5,26
A,A,A,A,A,A,B,B,B,A,A,A,5,27
A,A,A,A,A,A,B,B,B,A,A,A,5,28
A,A,A,A,A,A,B,B,B,A,A,A,5,29
A,A,A,A,A,A,B,B,B,A,A,A,5,30
A,A,A,A,A,A,B,B,B,A,A,A,5,31
A,A,A,A,A,A,B,B,B,A,A,A,5,32
A,A,A,A,A,A,B,B,B,A,A,A,5,33
A,A,A,A,A,A,B,B,B,A,A,A,5,34
A,A,A,A,A,A,B,B,B,A,A,A,5,35
A,A,A,A,A,A,B,B,B,A,A,A,5,36
A,A,A,A,A,A,B,B,B,A,A,A,5,37
A,A,A,A,A,A,B,B,B,A,A,A,5,38
A,A,A,A,A,A,B,B,B,A,A,A,5,39
A,A,A,A,A,A,B,B,B,A,A,A,5,40
A,A,A,A,A,A,B,B,B,A,A,A,5,41
A,A,A,A,A,A,B,B,B,A,A,A,5,42
A,A,A,A,A,A,B,B,B,A,A,A,5,43
A,A,A,A,A,A,B,B,B,A,A,A,5,44
A,A,A,A,A,A,B,B,B,A,A,A,5,45
A,A,A,A,A,A,B,B,B,A,A,A,5,46
A,A,A,A,A,A,B,B,B,A,A,A,5,47
A,A,A,A,A,A,B,B,B,A,A,A,5,48
A,A,A,A,A,A,B,B,B,A,A,A,5,49
